OffsetX=0
OffsetY=0
CellX=0.64
CellY=0.64
SingleDisp=1
#Map

                                                    5505
                                                    5505
S                                                   5505
                                                    5305
                                       55           5075
5  5  55  5  555  555  5 5  555  5 5  5  5  55  5
5  5  5 5 5   5    5    5   5    555  5555  5 5 5   5555
5555  5  55  555   5    5   555  5 5  5  5  5  55   5555
#End